67108863	3435929599	6	26	17	0	1
92274687	3435927552	9	29	17	0	4
67108864	3435925503	8	28	17	4294967295	3
0	3435921408	6	26	17	0	1
100663296	4294967295	10	30	17	4294967295	5
67108863	3435921408	6	26	17	0	1
92274687	3435927552	9	29	17	4294967295	4
134217727	3435986943	5	25	17	4294967295	0
67108864	3435921408	8	28	17	4294967295	3
0	3435929599	6	26	17	4294967295	1
0	3435929599	6	26	17	4294967295	1
0	3435929599	6	26	17	4294967295	1
0	3435929599	6	26	17	4294967295	1
0	3435929599	6	26	17	4294967295	1
0	3435929599	6	26	17	4294967295	1
0	3435929599	6	26	17	4294967295	1
0	3435929599	6	26	17	4294967295	1
0	3435929599	6	26	17	4294967295	1
0	3435929599	6	26	17	4294967295	1
0	3435929599	6	26	17	4294967295	1
0	3435929599	6	26	17	4294967295	1
0	3435929599	6	26	17	4294967295	1
0	3435929599	6	26	17	4294967295	1
0	3435929599	6	26	17	4294967295	1
33554432	3435929599	7	27	17	0	2
0	3435921408	6	26	17	4294967295	1
33554432	3435929599	7	27	17	0	2
0	3435921408	6	26	17	4294967295	1
104857599	4294967295	10	30	17	4294967295	5
83886080	3435927552	9	29	17	0	4
0	3435921408	5	25	17	0	0
0	3435921408	5	25	17	4294967295	0
92274687	3435929599	9	29	17	4294967295	4
83886080	3435927552	9	29	17	0	4
100663296	0	10	30	17	4294967295	5
33554432	3435929599	7	27	17	4294967295	2
67108864	3435925503	8	28	17	4294967295	3
67108864	3435921408	8	28	17	0	3
67108863	3435929599	7	27	17	4294967295	2
67108863	3435921408	7	27	17	4294967295	2
67108863	3435929599	7	27	17	4294967295	2
0	3435929599	6	26	17	4294967295	1
67108863	3435921408	6	26	17	0	1
0	3435929599	6	26	17	4294967295	1
100663296	0	10	30	17	0	5
0	3435986943	5	25	17	4294967295	0
134217727	3435986943	5	25	17	0	0
0	3435986943	5	25	17	0	0
100663296	0	10	30	17	4294967295	5
67108864	3435921408	8	28	17	0	3
0	3435921408	6	26	17	4294967295	1
83886080	3435929599	9	29	17	4294967295	4
0	3435921408	6	26	17	4294967295	1
83886080	3435927552	9	29	17	0	4
83886079	3435925503	8	28	17	4294967295	3
83886079	3435925503	8	28	17	4294967295	3
83886079	3435925503	8	28	17	0	3
100663296	0	10	30	17	0	5
100663296	0	10	30	17	0	5
100663296	0	10	30	17	0	5
100663296	0	10	30	17	0	5
100663296	0	10	30	17	0	5
100663296	0	10	30	17	0	5
100663296	0	10	30	17	0	5
100663296	0	10	30	17	0	5
100663296	0	10	30	17	0	5
100663296	0	10	30	17	0	5
100663296	0	10	30	17	0	5
100663296	0	10	30	17	0	5
100663296	0	10	30	17	0	5
100663296	0	10	30	17	0	5
100663296	0	10	30	17	0	5
100663296	0	10	30	17	0	5
